v <- c(1,4,4,3,2,2,3)

v

v[c(2,3,4)]

v[2:4]
